100	3	30	0.100000	200.000000	7.300000
-4.470962	231.894894	-15.396588	297.662282	275.383770	200.643941
-477.019562	-258.568072	-410.367138	-145.954772	174.214911	-247.795038
267.571032	-120.960112	354.670858	149.678030	143.452254	392.239143
355.616932	-363.277078	-121.295816	-400.784326	490.295114	-16.953032
-464.262825	-301.812799	-491.393780	406.308176	-440.061647	-441.496017
-314.355907	-68.681906	-173.818171	206.381420	490.173040	9.750664
-93.920713	-351.863155	239.585559	179.982910	212.179937	62.761315
-352.534562	49.882504	175.222022	-105.243080	-330.195013	382.869961
111.011078	-121.265297	-443.601794	-431.424909	-66.942351	-473.204749
-486.327708	259.941404	366.908780	110.126041	-115.161596	456.999420
-177.266762	-334.101382	254.081851	-180.227058	-417.172765	60.991241
380.733665	490.600299	459.105197	-356.746117	369.930113	207.358013
-422.086245	-487.517930	-14.450514	-10.574664	448.301645	-58.915983
-487.731559	176.656392	-30.899991	-23.026215	72.588275	103.350932
-467.619861	-241.019929	-195.028535	188.283944	-121.631520	-423.306986
-189.901425	-278.069399	-141.163366	205.435347	270.348216	132.221442
-235.190893	-452.116459	-350.276193	9.933775	375.057222	114.001892
380.092776	-324.610126	381.466109	369.502853	-60.319834	-432.859279
347.804193	485.076449	-269.005402	234.366894	-142.445143	-482.818079
-336.909085	213.827937	7.950072	-448.149052	-154.164251	-426.999725
-94.561602	-157.734916	301.232948	400.601215	319.849239	472.197638
98.986785	25.131993	152.577288	-424.436171	-178.182318	243.827631
-124.164556	-355.433821	-232.657857	342.158269	-401.364177	-43.717765
-207.663198	185.689871	-84.032716	-350.062563	206.045717	165.669729
197.592090	486.022523	-381.740776	279.229102	472.319712	-182.241279
149.189734	125.354778	-435.483871	-192.495499	-93.676565	98.681600
-361.415448	417.630543	135.761589	-438.718833	-192.068239	208.731346
-47.074801	274.559771	-35.294656	475.493637	60.319834	-128.101444
486.571856	-248.374889	357.234413	-346.217231	-23.667104	215.353862
-151.234474	486.449782	-308.496353	26.230659	-240.409558	84.917753
-180.715354	125.354778	259.208960	462.706381	253.349406	-470.763268
-295.251320	-171.864986	29.221473	-350.642415	-192.373424	-290.337840
73.870052	-331.751457	-369.808039	-409.360027	426.053652	-496.581927
-181.234169	-164.784692	-416.501358	390.560625	-20.676290	186.635945
133.564257	-383.022553	-398.159734	-381.282998	323.053682	436.918241
439.878536	-177.449873	-276.116214	-300.592059	-248.649556	108.722190
-349.208045	220.633564	307.092502	7.187109	487.090670	431.424909
-427.121799	345.515305	-425.321207	331.446272	-27.970214	86.840419
-174.489578	281.426435	-366.206854	-291.070284	-290.917692	-335.718863
-465.147862	405.545213	-226.310007	-53.056429	439.146092	-109.027375
357.051302	173.421430	-456.846828	90.075381	-357.539598	421.109653
232.352672	493.377483	-282.830287	251.091037	-144.825587	460.295419
-211.233863	-316.156499	-78.997162	250.328074	215.903195	-268.364513
-371.944334	64.195685	-489.959410	18.631550	127.704703	-123.920408
-35.874508	-479.674673	431.302835	338.038270	63.921018	-46.494949
365.810114	-462.218085	339.625233	-152.729881	484.740745	-108.417005
-187.490463	-172.292245	340.083010	-47.166356	-306.115909	146.198920
22.110660	418.179876	492.187262	-16.830958	372.768334	111.835078
184.224982	-441.404462	-220.755638	229.972228	-392.178106	-419.431135
-45.945616	-374.019593	-269.310587	62.517167	-392.696921	418.027284
-47.227393	41.184729	418.149358	-300.012207	98.223823	226.340526
211.081271	-362.514115	252.891629	112.933744	-256.248665	-270.470290
103.686636	-412.106693	12.253182	-482.238227	-63.615833	-438.047426
480.132450	-475.981933	-52.262947	-341.731010	137.745293	-302.331614
28.305918	489.013337	-202.322459	154.194769	-327.875607	-449.247719
-467.070528	485.564745	169.972839	270.836512	-336.176641	424.771874
-258.537553	234.672079	200.033570	144.489883	-236.411634	126.545000
143.818476	-27.817621	-249.565111	414.304025	-438.840907	-197.653127
241.782891	309.167760	-173.635060	-12.833033	255.699332	32.853175
-53.086947	-12.863552	462.096011	-78.142644	374.629963	-437.528611
-266.991180	401.394696	209.402753	-213.003937	226.462600	359.431745
201.773125	-334.589679	-340.754418	-47.441023	460.600604	-364.619892
-74.083682	374.721519	271.965697	-264.336070	-280.602435	-380.245369
-64.256722	-278.710288	309.961241	-230.033265	26.017029	-92.242195
138.599811	-159.230323	-18.539995	24.338511	381.130406	-286.614582
432.218390	-141.071810	139.179662	186.880093	169.118320	-25.070956
414.548173	-319.727165	162.038026	281.640065	-477.294229	-383.358257
-466.917936	-260.551775	102.465896	19.730216	-108.874783	-18.814661
377.040925	354.945524	-65.965758	130.420850	-176.198614	145.802179
-275.231178	-401.486251	-91.784417	396.725364	-452.757347	141.590625
38.590655	354.060488	-251.030000	-42.130802	397.732475	-364.040040
475.859859	108.172857	-192.342906	262.962737	-293.969543	39.201025
284.264657	-380.306406	489.013337	492.004151	437.009796	-119.800409
-204.519791	-423.856319	371.059297	-73.259682	-114.551225	291.589099
247.398297	294.274728	-400.326548	278.496658	157.582324	171.651357
481.505783	77.349162	468.962676	-9.414960	134.784997	-320.184942
296.929838	-366.267891	-275.475326	-348.170415	260.582293	-206.778161
26.413770	-389.675588	177.510910	-489.196448	-68.865017	334.711753
-145.435957	431.058687	-189.535203	294.305246	-369.655446	-201.742607
-349.513230	-126.941740	-173.879208	-270.683920	358.973968	72.862941
-239.066744	-207.235939	152.577288	-23.545030	487.823115	425.992615
430.661946	-248.405408	-93.615528	221.396527	41.428877	477.263710
409.268471	-386.898404	347.010712	-426.694540	-282.616657	-4.684591
-6.454665	115.466781	61.479537	-196.676534	-207.205420	-184.499649
365.199744	-411.099582	-378.933073	-50.706503	-413.449507	-378.872036
-257.866146	13.138218	-126.148259	43.534654	460.142827	389.950255
-307.855464	119.464705	-491.088595	-193.716239	-423.032319	-403.561510
83.971679	-138.019959	-329.065828	-279.076510	-77.074496	412.839137
-300.012207	-65.233314	341.517380	88.457900	-454.741050	-215.628529
-369.594409	-274.040956	67.033906	74.327830	-279.717399	0.991852
336.634419	-203.878903	-480.071413	37.064730	-66.972869	-136.371960
-164.937284	275.017548	460.112308	186.513871	273.186438	383.175146
-59.282205	112.689596	40.910062	489.898373	244.132817	-228.782006
40.635395	-480.315561	202.749718	346.980193	171.498764	-85.985900
-425.260170	-182.180242	242.484817	-481.872005	-491.485336	186.391797
402.462844	-84.887234	-334.650716	-263.084811	494.415113	-11.337626
-343.501083	348.994415	239.616077	-4.745628	-48.875393	398.831141
-341.822565	-72.222053	-89.007233	280.083621	-367.793817	451.078829
108.539079	74.785607	17.654958	191.061129	-415.738395	406.064028
211.386456	-341.120640	199.972533	3.524888	-420.560320	-409.329508
